//Exported ASCII-File
[Header]
FileName = C:\Users\reoml\Desktop\Mestrado\mapa raman\novas medidas\Medidas Raman - Rafael\Medidas Raman - Rafael\GO em substrato metalico (0.01 com e sem EDA) - Rafael.WIP
ImageName = Scan_003_Spec.Data 1_F: Min & Max -> Maximum [1245.7 rel. 1/cm -> 1426.1 rel. 1/cm]
PointsPerLine = 61
LinesPerImage = 61
ScanUnit = µm
ScanWidth = 30
ScanHeight = 30
ScanOriginX = -2.01399993896484
ScanOriginY = 0.526000022888184
ScanOriginZ = 0
DataUnit = CCD cts
[Data]
 2.33615E+01	 2.06542E+01	 1.34476E+01	 1.88413E+01	 1.66498E+01	 1.14930E+01	 1.47756E+01	 1.72167E+01	 2.78248E+01	 3.02709E+01	 2.92203E+01	 1.94790E+01	 1.74954E+01	 9.20809E+00	 1.20751E+01	 1.11736E+01	 1.40747E+01	 1.05857E+01	 1.58478E+01	 9.01313E+00	 8.95958E+00	 1.37879E+01	 3.07006E+01	 3.13288E+01	 1.54017E+01	 1.37465E+01	 2.00735E+01	 1.41602E+01	 1.60888E+01	 1.43288E+01	 1.89633E+01	 1.98188E+01	 1.28727E+01	 1.38867E+01	 1.59453E+01	 1.56552E+01	 1.46698E+01	 9.59636E+00	 7.94911E+00	 8.84580E+00	 7.88594E+00	 8.83008E+00	 9.61781E+00	 1.02395E+01	 1.30150E+01	 1.10512E+01	 9.88132E+00	 9.28561E+00	 1.50710E+01	 2.61322E+01	 3.62296E+01	 3.19805E+01	 3.08727E+01	 2.54506E+01	 2.86974E+01	 2.69930E+01	 2.69860E+01	 1.54617E+01	 1.17308E+01	 2.08909E+01	 2.75209E+01
 2.26781E+01	 1.34167E+01	 1.33343E+01	 1.40699E+01	 1.77356E+01	 1.21576E+01	 1.24381E+01	 1.88762E+01	 2.14381E+01	 2.28099E+01	 1.88473E+01	 1.66877E+01	 1.23986E+01	 1.49824E+01	 1.45321E+01	 1.31392E+01	 1.19499E+01	 1.39381E+01	 1.40973E+01	 9.87671E+00	 1.04536E+01	 1.45595E+01	 1.99671E+01	 4.58263E+01	 3.92320E+01	 2.20135E+01	 1.27949E+01	 1.59094E+01	 1.11289E+01	 8.76038E+00	 1.86856E+01	 2.12210E+01	 1.79003E+01	 1.65552E+01	 1.20853E+01	 1.06332E+01	 7.22349E+00	 8.01917E+00	 1.00557E+01	 9.69224E+00	 8.57507E+00	 8.34580E+00	 1.04017E+01	 1.03057E+01	 1.59195E+01	 1.74630E+01	 1.34311E+01	 9.50060E+00	 1.36805E+01	 2.19703E+01	 3.66227E+01	 4.38682E+01	 2.97051E+01	 2.56030E+01	 2.33247E+01	 2.50651E+01	 1.97669E+01	 1.14265E+01	 1.23369E+01	 2.23648E+01	 2.78891E+01
 2.29551E+01	 1.39977E+01	 9.80788E+00	 1.02326E+01	 1.05761E+01	 1.14536E+01	 1.25631E+01	 1.46594E+01	 1.37315E+01	 1.75006E+01	 2.18353E+01	 1.84416E+01	 1.22430E+01	 1.35888E+01	 1.44472E+01	 1.21259E+01	 1.28691E+01	 1.57387E+01	 1.27753E+01	 1.40471E+01	 9.92651E+00	 1.33399E+01	 1.52927E+01	 1.74598E+01	 2.40765E+01	 1.23761E+01	 1.05401E+01	 1.09173E+01	 1.24630E+01	 1.49113E+01	 1.37506E+01	 1.51259E+01	 1.63061E+01	 1.97236E+01	 1.90853E+01	 1.83933E+01	 1.84646E+01	 2.46034E+01	 2.00409E+01	 1.43040E+01	 1.17535E+01	 1.28458E+01	 1.14981E+01	 1.22235E+01	 1.48638E+01	 1.59113E+01	 1.38213E+01	 1.45778E+01	 1.69639E+01	 2.16927E+01	 4.18040E+01	 5.60262E+01	 5.69346E+01	 5.28011E+01	 4.78265E+01	 3.23658E+01	 1.92979E+01	 1.56853E+01	 8.63390E+00	 1.57299E+01	 2.27860E+01
 2.25047E+01	 1.19466E+01	 9.70525E+00	 9.87530E+00	 1.31253E+01	 1.99017E+01	 1.97894E+01	 1.61466E+01	 1.87894E+01	 2.39946E+01	 2.03604E+01	 1.84776E+01	 1.49917E+01	 1.12947E+01	 1.59218E+01	 1.37360E+01	 1.32171E+01	 1.59776E+01	 1.45356E+01	 1.66896E+01	 1.84396E+01	 2.26437E+01	 1.68648E+01	 1.33095E+01	 1.08440E+01	 1.04887E+01	 9.58426E+00	 1.09895E+01	 1.38210E+01	 2.24598E+01	 2.17770E+01	 1.22387E+01	 9.91127E+00	 1.37883E+01	 1.66367E+01	 1.45595E+01	 1.33849E+01	 1.63056E+01	 1.83867E+01	 2.12333E+01	 1.28095E+01	 1.08423E+01	 1.32979E+01	 1.23297E+01	 9.02534E+00	 1.28726E+01	 1.07860E+01	 9.12317E+00	 1.17165E+01	 2.51293E+01	 4.70713E+01	 5.36666E+01	 5.53877E+01	 5.72635E+01	 4.00653E+01	 3.02074E+01	 2.73318E+01	 1.54313E+01	 8.67752E+00	 7.79663E+00	 6.76190E+00
 1.52276E+01	 8.69049E+00	 9.33386E+00	 9.40170E+00	 1.33012E+01	 2.35209E+01	 2.80853E+01	 2.63832E+01	 2.74648E+01	 3.28442E+01	 3.17061E+01	 2.16293E+01	 1.53816E+01	 2.02905E+01	 2.75905E+01	 1.69347E+01	 1.68191E+01	 1.77463E+01	 2.11485E+01	 2.18249E+01	 1.96537E+01	 1.92819E+01	 1.97799E+01	 2.13310E+01	 1.75022E+01	 1.15022E+01	 1.05888E+01	 1.11118E+01	 1.29835E+01	 1.27171E+01	 1.04521E+01	 1.03349E+01	 9.43787E+00	 9.66051E+00	 1.54236E+01	 1.30078E+01	 1.32580E+01	 2.04392E+01	 2.20783E+01	 1.84346E+01	 1.25973E+01	 1.14368E+01	 9.21838E+00	 9.73151E+00	 7.92066E+00	 9.05573E+00	 7.02534E+00	 8.87472E+00	 1.49977E+01	 3.10372E+01	 4.25783E+01	 4.29630E+01	 3.49094E+01	 2.73018E+01	 2.77763E+01	 2.05751E+01	 1.40374E+01	 9.12179E+00	 9.00259E+00	 1.14771E+01	 9.35132E+00
 1.59774E+01	 1.17139E+01	 8.91980E+00	 1.08732E+01	 1.44639E+01	 1.88018E+01	 2.58988E+01	 3.29584E+01	 4.08535E+01	 4.10599E+01	 3.57393E+01	 2.21405E+01	 1.51552E+01	 2.09051E+01	 3.95044E+01	 4.34301E+01	 3.31666E+01	 2.59203E+01	 2.74445E+01	 2.43867E+01	 1.94909E+01	 1.95653E+01	 1.69562E+01	 1.62130E+01	 1.90854E+01	 1.49368E+01	 1.37839E+01	 1.16050E+01	 9.92825E+00	 1.16065E+01	 1.04587E+01	 8.10838E+00	 8.34930E+00	 1.00383E+01	 8.89095E+00	 9.34488E+00	 1.05749E+01	 1.35104E+01	 1.75913E+01	 1.33604E+01	 9.47099E+00	 1.00253E+01	 1.02692E+01	 9.50000E+00	 8.47522E+00	 7.55573E+00	 6.68053E+00	 6.99650E+00	 1.02417E+01	 1.86025E+01	 2.63442E+01	 2.43283E+01	 2.66551E+01	 2.18341E+01	 1.97763E+01	 1.38909E+01	 1.16316E+01	 8.25750E+00	 8.73242E+00	 1.05614E+01	 1.03423E+01
 1.65653E+01	 1.08909E+01	 1.04946E+01	 7.82353E+00	 1.03969E+01	 2.08012E+01	 2.87360E+01	 3.43055E+01	 4.27927E+01	 4.48805E+01	 3.53398E+01	 2.38163E+01	 1.60391E+01	 1.94381E+01	 2.82318E+01	 3.61589E+01	 3.67305E+01	 3.33248E+01	 2.70781E+01	 2.11531E+01	 1.52454E+01	 1.29457E+01	 8.64229E+00	 9.51799E+00	 1.56274E+01	 2.79166E+01	 2.55675E+01	 1.72784E+01	 1.43728E+01	 1.79736E+01	 1.04453E+01	 9.17364E+00	 7.15940E+00	 6.12276E+00	 5.61182E+00	 6.32507E+00	 7.57947E+00	 6.92536E+00	 8.91344E+00	 1.04835E+01	 8.60132E+00	 1.00923E+01	 1.33353E+01	 1.13867E+01	 9.97604E+00	 8.82585E+00	 9.19564E+00	 9.92183E+00	 8.51349E+00	 7.49833E+00	 7.40264E+00	 1.05299E+01	 1.15278E+01	 1.45072E+01	 1.24275E+01	 8.65783E+00	 7.82585E+00	 6.37365E+00	 6.17926E+00	 8.87889E+00	 7.29663E+00
 2.29377E+01	 1.29860E+01	 1.28423E+01	 1.50342E+01	 1.68437E+01	 2.16892E+01	 2.13251E+01	 2.21644E+01	 2.78034E+01	 2.44818E+01	 2.42325E+01	 1.98615E+01	 1.42477E+01	 1.17387E+01	 1.90022E+01	 2.80016E+01	 3.29129E+01	 3.71122E+01	 4.27150E+01	 3.59001E+01	 2.10135E+01	 1.98867E+01	 1.27282E+01	 1.00610E+01	 9.87376E+00	 1.10685E+01	 1.60383E+01	 2.07795E+01	 1.66125E+01	 1.08578E+01	 1.06557E+01	 1.18428E+01	 8.12179E+00	 1.10595E+01	 9.24121E+00	 7.94640E+00	 9.91784E+00	 1.06718E+01	 1.50557E+01	 1.43638E+01	 7.39020E+00	 9.13922E+00	 1.35763E+01	 1.31259E+01	 1.02477E+01	 1.24177E+01	 1.47074E+01	 1.61079E+01	 1.35719E+01	 1.12461E+01	 9.17183E+00	 9.80573E+00	 8.54712E+00	 9.24121E+00	 1.06595E+01	 8.65170E+00	 1.03857E+01	 8.74121E+00	 6.49649E+00	 7.56848E+00	 7.33168E+00
 2.75145E+01	 2.25561E+01	 1.65192E+01	 1.77324E+01	 1.62335E+01	 1.81695E+01	 1.76391E+01	 1.54473E+01	 1.46925E+01	 1.44347E+01	 1.18018E+01	 8.96211E+00	 1.84483E+02	 2.66195E+02	 2.41811E+01	 2.32620E+01	 2.27708E+01	 2.67516E+01	 2.77320E+01	 2.38356E+01	 2.23898E+01	 2.75262E+01	 2.45345E+01	 1.70699E+01	 9.92752E+00	 9.77626E+00	 1.48735E+01	 1.88318E+01	 1.42776E+01	 1.02165E+01	 1.53761E+01	 1.91488E+01	 1.45512E+01	 1.42333E+01	 1.26953E+01	 1.30734E+01	 1.27098E+01	 1.09198E+01	 1.30873E+01	 1.36548E+01	 1.23473E+01	 1.21289E+01	 1.51138E+01	 1.26517E+01	 1.50937E+01	 2.50763E+01	 3.07203E+01	 2.45429E+01	 1.93310E+01	 1.30763E+01	 8.10343E+00	 7.95417E+00	 6.13493E+00	 7.95358E+00	 9.08414E+00	 1.28437E+01	 1.70763E+01	 1.53691E+01	 9.29090E+00	 6.87425E+00	 5.63731E+00
 3.24299E+01	 2.60512E+01	 2.93219E+01	 2.00973E+01	 1.24545E+01	 1.53584E+01	 1.41402E+01	 1.15481E+01	 1.16909E+01	 9.96581E+00	 1.17121E+01	 8.86473E+00	 7.97349E+00	 8.57101E+00	 1.68761E+01	 2.41637E+01	 3.19720E+01	 3.68655E+01	 3.51619E+01	 2.10438E+01	 1.98040E+01	 2.42524E+01	 2.52810E+01	 2.55434E+01	 2.24569E+01	 2.24521E+01	 3.11104E+01	 3.57074E+01	 2.86115E+01	 1.63607E+01	 1.87929E+01	 2.17839E+01	 1.93353E+01	 1.29521E+01	 1.80512E+01	 2.30048E+01	 1.83055E+01	 1.42069E+01	 1.27635E+01	 1.22250E+01	 1.06698E+01	 1.31813E+01	 1.66034E+01	 1.36916E+01	 1.98437E+01	 2.65735E+01	 2.31677E+01	 1.68057E+01	 1.06736E+01	 8.25352E+00	 6.58783E+00	 6.56305E+00	 8.94510E+00	 1.04486E+01	 1.03972E+01	 1.45893E+01	 2.16953E+01	 1.79887E+01	 1.01509E+01	 6.92566E+00	 4.01349E+00
 2.74242E+01	 3.02911E+01	 2.38832E+01	 1.97744E+01	 2.09373E+01	 2.02430E+01	 2.24478E+01	 1.66367E+01	 1.06138E+01	 1.02477E+01	 7.90170E+00	 6.76124E+00	 9.55396E+00	 8.35649E+00	 1.02087E+01	 2.14072E+01	 3.41440E+01	 3.95962E+01	 3.05263E+01	 2.23094E+01	 1.71518E+01	 1.66502E+01	 1.78867E+01	 1.87130E+01	 1.95760E+01	 1.79499E+01	 1.52594E+01	 1.59529E+01	 2.18832E+01	 1.22210E+01	 1.15869E+01	 1.33018E+01	 9.43915E+00	 9.37889E+00	 1.68473E+01	 2.53157E+01	 1.33151E+01	 8.14655E+00	 9.16127E+00	 1.03902E+01	 1.24617E+01	 2.26718E+01	 3.42572E+01	 2.84710E+01	 1.18732E+01	 1.40078E+01	 1.41999E+01	 1.04891E+01	 6.58920E+00	 7.64689E+00	 7.44510E+00	 6.51313E+00	 7.77171E+00	 1.09930E+01	 1.32839E+01	 2.04245E+01	 3.30323E+01	 2.24589E+01	 8.33974E+00	 7.80983E+00	 5.49666E+00
 2.12324E+01	 2.38759E+01	 2.24369E+01	 2.34177E+01	 1.73219E+01	 2.19089E+01	 2.92061E+01	 2.66672E+01	 1.74671E+01	 1.44638E+01	 1.00435E+01	 1.03730E+01	 8.29366E+00	 7.48151E+00	 8.89782E+00	 9.52144E+00	 1.39396E+01	 1.84144E+01	 1.99832E+01	 1.47201E+01	 1.20751E+01	 1.39524E+01	 1.27706E+01	 1.68611E+01	 2.30760E+01	 2.41452E+01	 1.39965E+01	 8.72604E+00	 1.03937E+01	 1.09739E+01	 1.01970E+01	 8.79158E+00	 6.69992E+00	 6.82686E+00	 8.46463E+00	 7.45239E+00	 9.64020E+00	 1.26138E+01	 1.09598E+01	 8.52406E+00	 1.41677E+01	 3.76396E+01	 4.25199E+01	 3.00853E+01	 1.54930E+01	 2.04671E+01	 1.42635E+01	 8.63670E+00	 8.04010E+00	 7.53960E+00	 7.07194E+00	 7.16407E+00	 7.16584E+00	 1.01464E+01	 1.53388E+01	 1.87454E+01	 2.24373E+01	 2.23034E+01	 1.55913E+01	 1.28816E+01	 7.61378E+00
 2.35899E+01	 2.09985E+01	 2.54667E+01	 2.54356E+01	 2.87250E+01	 1.80518E+01	 2.20022E+01	 4.00292E+01	 3.80540E+01	 1.75525E+01	 1.34521E+01	 9.59719E+00	 1.10302E+01	 1.68832E+01	 2.04782E+01	 1.06399E+01	 9.21838E+00	 9.77534E+00	 1.24891E+01	 1.18265E+01	 1.32315E+01	 1.38761E+01	 1.62167E+01	 1.80131E+01	 1.81354E+01	 1.21332E+01	 1.08353E+01	 1.01118E+01	 1.16407E+01	 1.26707E+01	 1.16253E+01	 8.92566E+00	 9.71393E+00	 1.19895E+01	 9.12530E+00	 9.37610E+00	 1.06013E+01	 1.29887E+01	 1.46775E+01	 9.25000E+00	 1.36517E+01	 2.57635E+01	 3.46262E+01	 2.93226E+01	 1.84617E+01	 1.58969E+01	 1.55104E+01	 1.10540E+01	 9.94224E+00	 8.82970E+00	 6.30210E+00	 7.42786E+00	 6.21326E+00	 6.88755E+00	 6.23432E+00	 9.85132E+00	 1.66433E+01	 1.92632E+01	 1.91683E+01	 1.54545E+01	 8.33383E+00
 2.90326E+01	 2.65444E+01	 2.51896E+01	 2.10986E+01	 2.20843E+01	 1.92069E+01	 1.76148E+01	 2.32320E+01	 2.57635E+01	 1.58106E+01	 1.33693E+01	 1.25843E+01	 1.60072E+01	 2.17632E+01	 3.20511E+01	 1.92064E+01	 7.64329E+00	 7.92926E+00	 1.11677E+01	 1.41413E+01	 1.46118E+01	 1.41892E+01	 2.19472E+01	 2.13413E+01	 1.76683E+01	 1.61999E+01	 1.77360E+01	 1.55973E+01	 1.38413E+01	 1.02096E+01	 1.06745E+01	 1.11720E+01	 1.43080E+01	 1.54665E+01	 1.74776E+01	 2.35913E+01	 1.87548E+01	 1.92360E+01	 1.35937E+01	 1.13937E+01	 1.84965E+01	 2.50781E+01	 2.87167E+01	 2.19369E+01	 2.23681E+01	 2.29381E+01	 1.93902E+01	 1.63972E+01	 1.44826E+01	 2.03867E+01	 1.42139E+01	 8.29440E+00	 7.74610E+00	 7.58783E+00	 6.94607E+00	 8.22620E+00	 1.28966E+01	 1.55869E+01	 2.31683E+01	 1.52753E+01	 9.76917E+00
 2.19162E+01	 2.16367E+01	 1.98106E+01	 1.63964E+01	 1.70429E+01	 1.56799E+01	 2.11104E+01	 1.64347E+01	 1.91972E+01	 2.36881E+01	 1.88578E+01	 1.63986E+01	 1.57635E+01	 2.00391E+01	 2.31115E+01	 1.99934E+01	 1.59589E+01	 1.47130E+01	 1.39782E+01	 1.44776E+01	 1.37631E+01	 1.69346E+01	 2.26297E+01	 2.11695E+01	 2.07604E+01	 2.73012E+01	 2.09369E+01	 2.19782E+01	 1.38025E+01	 1.15006E+01	 1.15186E+01	 9.90835E+00	 1.09760E+01	 1.41966E+01	 2.03816E+01	 2.79652E+01	 2.38832E+01	 1.56274E+01	 1.69684E+01	 1.77874E+01	 2.12255E+01	 1.94381E+01	 2.01494E+01	 1.50131E+01	 2.05726E+01	 2.29720E+01	 2.08607E+01	 1.80614E+01	 1.43014E+01	 1.14521E+01	 1.13658E+01	 1.17308E+01	 1.21060E+01	 9.57101E+00	 7.26313E+00	 9.73950E+00	 1.10241E+01	 1.08375E+01	 1.38120E+01	 1.01261E+01	 5.71309E+00
 1.53732E+01	 1.67714E+01	 1.73767E+01	 1.74017E+01	 1.94826E+01	 4.10677E+01	 7.81093E+02	 1.76050E+01	 1.69198E+01	 2.03007E+01	 2.27709E+01	 1.96557E+01	 1.54930E+01	 1.52981E+01	 1.78449E+01	 1.40281E+01	 1.03789E+01	 1.15135E+01	 1.54453E+01	 1.45263E+01	 1.50214E+01	 1.89207E+01	 1.98428E+01	 2.18896E+01	 2.39963E+01	 3.34192E+01	 3.38994E+01	 3.61877E+01	 2.26559E+01	 1.24562E+01	 1.25913E+01	 1.26999E+01	 1.90891E+01	 1.55270E+01	 1.83437E+01	 2.09119E+01	 1.72776E+01	 1.74710E+01	 1.76782E+01	 2.08120E+01	 1.95195E+01	 1.32387E+01	 1.27891E+01	 1.30253E+01	 1.44574E+01	 1.41261E+01	 1.48738E+01	 9.30530E+00	 9.13390E+00	 1.04646E+01	 1.13638E+01	 1.09155E+01	 1.20557E+01	 1.24144E+01	 8.03657E+00	 1.14155E+01	 2.09833E+01	 2.33025E+01	 3.61781E+01	 1.69541E+01	 5.72603E+00
 1.34668E+01	 1.50135E+01	 1.44346E+01	 1.69529E+01	 1.80869E+01	 1.63892E+01	 1.96551E+01	 2.13767E+01	 1.41923E+01	 1.71956E+01	 1.71957E+01	 1.91644E+01	 1.83142E+01	 1.39824E+01	 1.78727E+01	 1.30006E+01	 8.09727E+00	 1.27799E+01	 9.15170E+00	 1.37578E+01	 1.26868E+01	 1.46407E+01	 1.97271E+01	 2.07821E+01	 2.05383E+01	 3.41191E+01	 3.52840E+01	 4.11717E+01	 2.78607E+01	 1.63898E+01	 1.60131E+01	 1.62795E+01	 1.93152E+01	 2.26896E+01	 2.36736E+01	 2.08295E+01	 1.50540E+01	 1.59637E+01	 1.97262E+01	 2.36420E+01	 2.45135E+01	 1.50206E+01	 1.18853E+01	 8.98129E+00	 1.66274E+01	 2.26779E+01	 1.80253E+01	 1.23369E+01	 9.00518E+00	 1.05481E+01	 9.31881E+00	 8.33296E+00	 9.83693E+00	 1.28845E+01	 9.90419E+00	 7.61529E+00	 1.10429E+01	 1.38550E+01	 3.39710E+01	 4.19782E+01	 1.24760E+01
 1.43761E+01	 1.18966E+01	 1.16247E+01	 1.13269E+01	 1.56693E+01	 1.88524E+01	 1.90471E+01	 1.97260E+01	 1.15160E+01	 1.22333E+01	 1.38437E+01	 1.82029E+01	 1.38057E+01	 9.89249E+00	 1.09338E+01	 7.95209E+00	 8.96268E+00	 8.74649E+00	 8.13156E+00	 1.03816E+01	 1.33986E+01	 1.39236E+01	 1.52315E+01	 2.12319E+01	 1.98834E+01	 1.79574E+01	 2.36024E+01	 3.68682E+01	 2.79203E+01	 1.17901E+01	 1.41814E+01	 2.12762E+01	 1.86999E+01	 1.83142E+01	 1.42901E+01	 1.77069E+01	 1.10719E+01	 1.12971E+01	 1.28774E+01	 1.12026E+01	 2.05512E+01	 2.53099E+01	 1.53222E+01	 1.72383E+01	 1.45749E+01	 1.81953E+01	 1.32692E+01	 8.49537E+00	 7.43805E+00	 8.26038E+00	 8.45208E+00	 9.72502E+00	 8.34281E+00	 5.64930E+00	 6.04256E+00	 8.08074E+00	 6.62530E+00	 7.70792E+00	 2.76919E+01	 3.30940E+01	 1.13393E+01
 1.48998E+01	 1.38896E+01	 1.31707E+01	 1.58310E+01	 1.47522E+01	 1.69311E+01	 1.60699E+01	 1.58295E+01	 1.14639E+01	 1.38393E+01	 1.04072E+01	 1.45347E+01	 1.31718E+01	 1.02594E+01	 7.51780E+00	 8.31848E+00	 1.08520E+01	 1.15131E+01	 9.73151E+00	 1.10893E+01	 1.60131E+01	 2.47512E+01	 1.98579E+01	 2.13103E+01	 2.11439E+01	 1.29671E+01	 1.38892E+01	 2.04042E+01	 2.08867E+01	 1.80471E+01	 1.26073E+01	 1.25206E+01	 1.58816E+01	 1.49499E+01	 1.07333E+01	 9.23083E+00	 9.25060E+00	 9.04509E+00	 1.08741E+01	 1.00318E+01	 1.24392E+01	 1.58442E+01	 2.41115E+01	 2.82522E+01	 2.64774E+01	 1.61582E+01	 1.24891E+01	 9.00000E+00	 8.18713E+00	 8.10943E+00	 1.07823E+01	 1.47412E+01	 1.54643E+01	 8.39746E+00	 7.18394E+00	 7.60867E+00	 7.34719E+00	 9.69195E+00	 2.52446E+01	 1.79646E+01	 1.59451E+01
 1.47465E+01	 1.33638E+01	 1.06081E+01	 1.86736E+01	 2.72446E+01	 2.35534E+01	 1.80754E+01	 1.36398E+01	 1.03473E+01	 1.01865E+01	 1.02572E+01	 2.24177E+01	 3.06367E+01	 2.04499E+01	 1.58789E+01	 1.00606E+01	 1.24040E+01	 1.53937E+01	 1.40620E+01	 1.65006E+01	 2.30973E+01	 2.31846E+01	 1.52333E+01	 1.99368E+01	 1.70321E+01	 1.26334E+01	 1.11261E+01	 1.45518E+01	 2.19356E+01	 2.04356E+01	 1.62036E+01	 1.62874E+01	 1.45927E+01	 1.58259E+01	 1.65735E+01	 1.12364E+01	 6.33490E+00	 7.11531E+00	 7.58074E+00	 7.59230E+00	 8.21142E+00	 1.28933E+01	 1.34598E+01	 2.09265E+01	 2.35540E+01	 1.96677E+01	 1.01024E+01	 6.12575E+00	 6.48854E+00	 7.10649E+00	 7.47709E+00	 1.20015E+01	 1.10241E+01	 6.32424E+00	 1.08565E+01	 6.13870E+00	 1.08474E+01	 1.03339E+01	 2.12356E+01	 1.37452E+01	 2.69832E+01
 1.53210E+01	 1.20973E+01	 1.64541E+01	 1.71243E+01	 2.71191E+01	 2.86672E+01	 1.94909E+01	 1.68018E+01	 1.04392E+01	 1.06775E+01	 1.22678E+01	 2.17635E+01	 3.65120E+01	 3.00905E+01	 2.52152E+01	 1.36316E+01	 1.19499E+01	 1.66391E+01	 1.48691E+01	 1.38025E+01	 1.87781E+01	 1.56739E+01	 1.18761E+01	 1.49057E+01	 1.78391E+01	 1.03391E+01	 9.71166E+00	 1.59476E+01	 1.80575E+01	 2.28295E+01	 2.05214E+01	 2.00763E+01	 2.69891E+01	 3.85292E+01	 3.63819E+01	 1.65688E+01	 6.10004E+00	 6.09188E+00	 6.72620E+00	 6.95975E+00	 1.19922E+01	 1.59299E+01	 1.33353E+01	 1.42512E+01	 1.87686E+01	 1.87929E+01	 1.09917E+01	 8.25000E+00	 6.83843E+00	 7.06155E+00	 6.68738E+00	 8.69485E+00	 9.41051E+00	 6.93590E+00	 9.70958E+00	 8.94195E+00	 9.91257E+00	 1.24293E+01	 9.68713E+00	 9.52534E+00	 2.36396E+01
 1.63219E+01	 1.61402E+01	 1.40691E+01	 1.91498E+01	 3.17632E+01	 3.69500E+01	 2.15725E+01	 1.42901E+01	 1.06881E+01	 1.15080E+01	 1.08913E+01	 2.56125E+01	 3.27709E+01	 2.46405E+01	 2.10525E+01	 1.30899E+01	 1.16790E+01	 1.17944E+01	 1.57412E+01	 1.55192E+01	 1.99356E+01	 1.35875E+01	 8.39579E+00	 9.73432E+00	 1.01316E+01	 9.75750E+00	 8.21376E+00	 1.69293E+01	 2.09954E+01	 2.11104E+01	 2.11398E+01	 2.78219E+01	 4.54149E+01	 4.59491E+01	 3.13437E+01	 1.15907E+01	 7.54641E+00	 5.85867E+00	 6.01604E+00	 6.56483E+00	 8.76726E+00	 1.42457E+01	 1.27184E+01	 1.86951E+01	 2.32325E+01	 1.96666E+01	 9.46706E+00	 8.12889E+00	 6.36927E+00	 5.75752E+00	 8.34597E+00	 5.95424E+00	 6.12740E+00	 7.43713E+00	 7.90598E+00	 1.08175E+01	 1.28428E+01	 1.83440E+01	 1.39346E+01	 1.25710E+01	 2.31572E+01
 2.27692E+01	 2.36814E+01	 2.11925E+01	 2.53199E+01	 3.24281E+01	 4.01401E+01	 3.08524E+01	 1.83012E+01	 1.09619E+01	 1.26239E+01	 1.80725E+01	 3.16283E+01	 2.95546E+01	 2.38969E+01	 1.85653E+01	 1.63142E+01	 1.93142E+01	 2.71822E+01	 2.63946E+01	 2.65018E+01	 1.72089E+01	 1.14587E+01	 7.99223E+00	 6.65566E+00	 1.19095E+01	 8.32101E+00	 9.97349E+00	 1.12891E+01	 1.21420E+01	 1.29529E+01	 2.48075E+01	 2.84667E+01	 2.75048E+01	 2.82686E+01	 1.80299E+01	 6.37376E+00	 6.31848E+00	 5.57499E+00	 7.72781E+00	 4.62865E+00	 6.16257E+00	 7.41549E+00	 8.43003E+00	 1.00557E+01	 1.18706E+01	 1.25214E+01	 1.02315E+01	 7.25000E+00	 5.34542E+00	 7.69272E+00	 8.55053E+00	 6.82101E+00	 5.73261E+00	 6.97988E+00	 8.05983E+00	 1.63339E+01	 2.18142E+01	 3.31091E+01	 2.14172E+01	 1.53142E+01	 1.89736E+01
 2.28182E+01	 2.09648E+01	 1.98405E+01	 1.65339E+01	 1.58615E+01	 1.92949E+01	 2.49521E+01	 1.84017E+01	 1.26826E+01	 1.50810E+01	 2.46376E+01	 4.00199E+01	 3.75132E+01	 2.65333E+01	 1.86402E+01	 1.86367E+01	 2.07051E+01	 2.61213E+01	 2.21479E+01	 1.43867E+01	 9.46429E+00	 9.48353E+00	 8.64020E+00	 1.07098E+01	 7.52563E+00	 7.56881E+00	 1.02201E+01	 1.82045E+01	 2.12276E+01	 1.60270E+01	 1.57276E+01	 1.61079E+01	 1.96531E+01	 1.99392E+01	 2.01695E+01	 1.38913E+01	 7.86529E+00	 4.98801E+00	 6.46404E+00	 6.38870E+00	 6.41192E+00	 7.13990E+00	 5.94346E+00	 1.00899E+01	 1.08437E+01	 8.44607E+00	 7.03597E+00	 6.85554E+00	 7.14129E+00	 1.40276E+01	 1.69722E+01	 9.58531E+00	 5.56336E+00	 6.18787E+00	 1.05878E+01	 1.18807E+01	 2.10534E+01	 2.74261E+01	 2.53151E+01	 1.82345E+01	 1.55263E+01
 1.82762E+01	 2.05102E+01	 1.98797E+01	 1.68898E+01	 1.38131E+01	 1.65595E+01	 1.48012E+01	 1.42395E+01	 1.40923E+01	 1.79895E+01	 2.80339E+01	 4.06024E+01	 3.58524E+01	 2.57833E+01	 1.28235E+01	 8.59281E+00	 8.53939E+00	 1.09977E+01	 1.01138E+01	 8.29346E+00	 6.45173E+00	 6.09568E+00	 8.21523E+00	 1.21881E+01	 7.77406E+00	 1.07276E+01	 2.52276E+01	 2.74574E+01	 2.40339E+01	 2.16916E+01	 2.05444E+01	 1.73902E+01	 1.46805E+01	 2.11655E+01	 3.33353E+01	 2.67360E+01	 1.18892E+01	 8.83974E+00	 7.02778E+00	 6.22988E+00	 4.23801E+00	 4.83203E+00	 5.72988E+00	 9.40954E+00	 1.54895E+01	 1.29021E+01	 8.47389E+00	 7.48910E+00	 1.48413E+01	 2.54818E+01	 3.02220E+01	 1.99276E+01	 1.05374E+01	 6.24850E+00	 1.11078E+01	 1.31013E+01	 2.17883E+01	 2.70942E+01	 3.08832E+01	 1.64946E+01	 1.25401E+01
 2.36503E+01	 1.94031E+01	 2.09311E+01	 2.21881E+01	 1.40150E+01	 9.94640E+00	 1.13423E+01	 1.20409E+01	 1.31218E+01	 1.31118E+01	 2.02121E+01	 2.63921E+01	 2.35270E+01	 1.58550E+01	 9.93805E+00	 9.01349E+00	 1.03040E+01	 1.59293E+01	 1.45595E+01	 8.91067E+00	 7.13156E+00	 5.34018E+00	 9.46463E+00	 1.15360E+01	 1.03975E+01	 1.18872E+01	 1.95187E+01	 2.10262E+01	 1.96786E+01	 2.25942E+01	 1.79895E+01	 1.70888E+01	 1.70505E+01	 2.03234E+01	 2.51811E+01	 1.81846E+01	 9.89071E+00	 6.99786E+00	 4.84636E+00	 5.23890E+00	 6.52991E+00	 8.72112E+00	 6.76320E+00	 8.14072E+00	 1.20094E+01	 1.33147E+01	 9.03233E+00	 1.31341E+01	 2.20603E+01	 2.81709E+01	 2.52518E+01	 1.75012E+01	 1.06253E+01	 9.02856E+00	 1.20379E+01	 1.40937E+01	 2.20818E+01	 2.68248E+01	 2.20094E+01	 1.59954E+01	 1.13012E+01
 2.98099E+01	 2.12769E+01	 2.47804E+01	 2.60751E+01	 1.57045E+01	 8.57585E+00	 8.63390E+00	 7.13977E+00	 9.10505E+00	 1.07139E+01	 1.67324E+01	 1.70104E+01	 1.33212E+01	 9.77977E+00	 7.57101E+00	 6.59606E+00	 1.03972E+01	 1.35958E+01	 1.25444E+01	 9.44160E+00	 8.57194E+00	 5.89746E+00	 1.17326E+01	 1.27260E+01	 9.24833E+00	 1.33638E+01	 2.08615E+01	 2.54119E+01	 2.90905E+01	 3.10511E+01	 2.61494E+01	 1.85849E+01	 1.53210E+01	 1.43789E+01	 1.15263E+01	 7.10554E+00	 6.91767E+00	 7.14856E+00	 7.21191E+00	 4.67786E+00	 6.26872E+00	 1.14536E+01	 1.22964E+01	 9.42183E+00	 9.38390E+00	 8.92786E+00	 1.00557E+01	 1.22662E+01	 2.10366E+01	 2.20295E+01	 1.33511E+01	 8.20409E+00	 8.24650E+00	 9.54317E+00	 1.25299E+01	 1.41392E+01	 1.84381E+01	 1.84833E+01	 1.78310E+01	 1.62981E+01	 1.14461E+01
 1.82781E+01	 2.10671E+01	 2.28191E+01	 2.02006E+01	 1.67866E+01	 9.02171E+00	 9.02795E+00	 8.04712E+00	 6.27144E+00	 4.96724E+00	 9.01780E+00	 8.85554E+00	 9.30953E+00	 8.62739E+00	 9.04010E+00	 6.64370E+00	 8.61576E+00	 7.61576E+00	 9.71211E+00	 1.12062E+01	 1.05264E+01	 8.52778E+00	 1.35754E+01	 1.99473E+01	 1.31118E+01	 1.06576E+01	 1.55471E+01	 2.38530E+01	 3.23971E+01	 3.33634E+01	 2.56310E+01	 1.77026E+01	 1.58898E+01	 1.10559E+01	 8.54663E+00	 9.43394E+00	 6.12376E+00	 6.73948E+00	 8.00259E+00	 6.34326E+00	 6.90088E+00	 1.54639E+01	 2.07894E+01	 1.35094E+01	 8.42651E+00	 1.11762E+01	 1.43618E+01	 1.56957E+01	 2.43052E+01	 2.36974E+01	 1.33867E+01	 6.95855E+00	 6.59369E+00	 7.00750E+00	 1.09598E+01	 1.29381E+01	 1.73761E+01	 1.72856E+01	 1.58648E+01	 1.35356E+01	 1.33433E+01
 1.76123E+01	 1.84346E+01	 1.76240E+01	 2.16999E+01	 1.76420E+01	 8.30053E+00	 1.02387E+01	 1.64313E+01	 1.53816E+01	 6.87179E+00	 4.29803E+00	 6.65735E+00	 1.26961E+01	 1.46094E+01	 1.54656E+01	 1.34771E+01	 8.83490E+00	 8.48083E+00	 1.07575E+01	 1.28913E+01	 1.23570E+01	 9.82194E+00	 1.83440E+01	 2.48696E+01	 1.52669E+01	 1.01916E+01	 1.35150E+01	 1.96484E+01	 2.48748E+01	 2.99551E+01	 3.19500E+01	 3.25579E+01	 2.81367E+01	 1.98114E+01	 7.18466E+00	 7.43907E+00	 5.56881E+00	 5.85571E+00	 6.86302E+00	 6.30137E+00	 8.94007E+00	 1.81396E+01	 2.07522E+01	 1.32631E+01	 1.02535E+01	 1.21423E+01	 1.27430E+01	 1.95591E+01	 3.10137E+01	 2.75941E+01	 1.69732E+01	 8.06158E+00	 6.73178E+00	 7.33993E+00	 1.04113E+01	 1.59985E+01	 2.39356E+01	 2.14671E+01	 1.72891E+01	 1.92477E+01	 1.79017E+01
 1.64639E+01	 1.08601E+01	 1.22477E+01	 1.80276E+01	 1.66370E+01	 1.22821E+01	 1.59130E+01	 3.16698E+01	 2.59392E+01	 6.70596E+00	 7.08203E+00	 7.38928E+00	 1.32612E+01	 2.35512E+01	 2.61813E+01	 2.28353E+01	 1.12021E+01	 7.52144E+00	 1.10214E+01	 1.67212E+01	 1.46583E+01	 1.03393E+01	 1.38743E+01	 1.53986E+01	 1.00759E+01	 1.51576E+01	 2.88281E+01	 2.81637E+01	 2.74185E+01	 3.18623E+01	 4.00209E+01	 4.11170E+01	 3.47074E+01	 2.08774E+01	 6.82784E+00	 4.15578E+00	 5.12967E+00	 6.77991E+00	 5.15933E+00	 5.95596E+00	 7.99299E+00	 9.86146E+00	 1.54776E+01	 1.14287E+01	 9.41537E+00	 1.21634E+01	 1.50616E+01	 2.18171E+01	 3.74709E+01	 3.66630E+01	 2.47657E+01	 1.52860E+01	 8.30396E+00	 9.93915E+00	 1.21079E+01	 1.88727E+01	 1.86227E+01	 2.08400E+01	 1.80131E+01	 2.29396E+01	 1.23816E+01
 1.51957E+01	 8.52144E+00	 8.23261E+00	 1.36118E+01	 1.78892E+01	 2.01274E+01	 2.59369E+01	 3.36494E+01	 2.13341E+01	 7.27780E+00	 6.76497E+00	 7.23083E+00	 1.14930E+01	 1.74155E+01	 2.41644E+01	 2.49195E+01	 1.30280E+01	 8.64856E+00	 9.16772E+00	 9.08386E+00	 8.97709E+00	 1.28618E+01	 1.65749E+01	 1.00928E+01	 1.06302E+01	 1.64347E+01	 2.99747E+01	 3.17524E+01	 2.28607E+01	 2.61860E+01	 3.43157E+01	 2.99891E+01	 1.58789E+01	 8.95209E+00	 6.63646E+00	 6.02818E+00	 6.27461E+00	 6.03597E+00	 4.81483E+00	 5.03144E+00	 5.23801E+00	 9.79090E+00	 1.41316E+01	 1.01517E+01	 8.20867E+00	 8.04440E+00	 1.20557E+01	 2.22874E+01	 3.18398E+01	 3.36172E+01	 2.65913E+01	 1.88034E+01	 7.08426E+00	 6.41537E+00	 8.91537E+00	 9.99223E+00	 1.30435E+01	 1.80006E+01	 1.61367E+01	 1.24095E+01	 1.47826E+01
 1.00263E+01	 8.51497E+00	 6.86007E+00	 1.17741E+01	 1.53832E+01	 2.31402E+01	 3.18578E+01	 2.48388E+01	 9.21838E+00	 6.66936E+00	 9.50259E+00	 6.10867E+00	 6.91537E+00	 8.16549E+00	 1.30893E+01	 1.56736E+01	 7.64020E+00	 7.74300E+00	 6.78417E+00	 9.33930E+00	 1.37333E+01	 1.28230E+01	 1.10321E+01	 9.93376E+00	 1.13402E+01	 1.78388E+01	 2.30783E+01	 2.81683E+01	 1.98988E+01	 2.01572E+01	 2.48473E+01	 1.45479E+01	 6.60404E+00	 9.06362E+00	 4.87179E+00	 5.74299E+00	 6.45958E+00	 6.18937E+00	 6.60132E+00	 5.75750E+00	 6.77461E+00	 1.05434E+01	 1.92250E+01	 1.75449E+01	 1.05928E+01	 1.38476E+01	 1.96869E+01	 1.95209E+01	 2.13735E+01	 2.12360E+01	 2.43774E+01	 1.35841E+01	 8.33386E+00	 8.02795E+00	 6.85622E+00	 7.79712E+00	 9.49768E+00	 9.67183E+00	 1.25299E+01	 1.53018E+01	 2.87762E+01
 8.49063E+00	 8.15088E+00	 6.48562E+00	 9.91127E+00	 9.28457E+00	 1.14917E+01	 1.71367E+01	 1.25891E+01	 7.86300E+00	 7.36365E+00	 8.43713E+00	 8.88746E+00	 6.95975E+00	 8.92183E+00	 8.56158E+00	 9.35731E+00	 6.96838E+00	 7.55528E+00	 7.94160E+00	 6.84580E+00	 9.72709E+00	 1.07909E+01	 1.02417E+01	 9.05573E+00	 1.24052E+01	 1.70078E+01	 2.03057E+01	 2.16293E+01	 2.72393E+01	 1.76222E+01	 1.29453E+01	 8.51320E+00	 6.75750E+00	 6.42825E+00	 5.42183E+00	 4.16050E+00	 5.90088E+00	 8.59763E+00	 9.92619E+00	 9.62425E+00	 9.64229E+00	 1.81509E+01	 3.06953E+01	 2.96703E+01	 1.30525E+01	 1.54346E+01	 2.08152E+01	 1.42430E+01	 1.62856E+01	 2.15765E+01	 2.24826E+01	 1.46557E+01	 7.64020E+00	 5.84369E+00	 7.38390E+00	 6.56746E+00	 6.68963E+00	 7.19160E+00	 1.04368E+01	 1.57024E+01	 1.95763E+01
 1.01191E+01	 8.49573E+00	 9.93963E+00	 1.58615E+01	 9.17926E+00	 6.23707E+00	 8.29995E+00	 6.82686E+00	 7.18787E+00	 8.57507E+00	 9.38977E+00	 8.67381E+00	 7.64370E+00	 1.11640E+01	 9.22988E+00	 1.10759E+01	 8.54641E+00	 8.86424E+00	 6.67904E+00	 1.16399E+01	 1.11463E+01	 7.80573E+00	 9.30591E+00	 1.07506E+01	 1.17412E+01	 1.03310E+01	 7.69568E+00	 1.33388E+01	 1.87901E+01	 1.34752E+01	 1.17778E+01	 9.30120E+00	 7.69664E+00	 8.41051E+00	 1.66594E+01	 1.48059E+01	 1.15598E+01	 1.31976E+01	 2.24279E+01	 2.21341E+01	 1.27935E+01	 2.53804E+01	 4.22826E+01	 3.75234E+01	 2.14671E+01	 1.72201E+01	 2.14963E+01	 1.05438E+01	 1.29598E+01	 2.40722E+01	 2.14083E+01	 1.29981E+01	 8.00000E+00	 7.67201E+00	 6.80567E+00	 7.88870E+00	 5.53205E+00	 5.55591E+00	 7.07688E+00	 7.99833E+00	 9.42866E+00
 1.22572E+01	 1.11261E+01	 1.16020E+01	 1.10381E+01	 9.02461E+00	 5.36110E+00	 7.29090E+00	 8.04922E+00	 6.38024E+00	 5.39683E+00	 7.64683E+00	 7.82534E+00	 7.00741E+00	 7.32134E+00	 1.75047E+01	 2.80942E+01	 1.09985E+01	 8.14720E+00	 7.98948E+00	 1.01437E+01	 1.18887E+01	 7.81466E+00	 8.23950E+00	 7.15264E+00	 9.11182E+00	 9.05591E+00	 9.62610E+00	 9.76124E+00	 1.14057E+01	 1.03413E+01	 8.80069E+00	 1.88832E+01	 1.01253E+01	 1.00401E+01	 2.70735E+01	 2.43988E+01	 2.21334E+01	 2.62781E+01	 2.65284E+01	 1.97839E+01	 1.20479E+01	 2.06757E+01	 2.53623E+01	 2.44954E+01	 1.60078E+01	 1.02053E+01	 6.97979E+00	 1.08892E+01	 1.82714E+01	 1.63476E+01	 1.75534E+01	 1.21274E+01	 6.66344E+00	 7.79663E+00	 5.59782E+00	 6.12671E+00	 4.99650E+00	 5.60781E+00	 6.20975E+00	 6.75352E+00	 1.00015E+01
 7.18738E+00	 8.24029E+00	 7.65170E+00	 7.94272E+00	 5.49650E+00	 6.16050E+00	 6.64705E+00	 4.79509E+00	 6.16399E+00	 7.22496E+00	 5.62317E+00	 8.37303E+00	 6.85303E+00	 7.79790E+00	 2.42430E+01	 2.55131E+01	 1.52572E+01	 8.24300E+00	 8.55053E+00	 8.14095E+00	 7.02626E+00	 8.69439E+00	 9.67752E+00	 1.02465E+01	 1.13757E+01	 1.23235E+01	 1.87021E+01	 9.89280E+00	 9.58668E+00	 1.14516E+01	 6.18394E+00	 5.25000E+00	 7.26528E+00	 8.73353E+00	 1.92271E+01	 2.01881E+01	 1.95006E+01	 1.19658E+01	 1.00276E+01	 1.25979E+01	 1.40839E+01	 1.92442E+01	 1.40540E+01	 1.28188E+01	 7.92183E+00	 9.36424E+00	 8.75000E+00	 1.39656E+01	 1.70710E+01	 1.60356E+01	 1.47385E+01	 1.28025E+01	 8.70358E+00	 8.67651E+00	 8.09719E+00	 7.30573E+00	 9.49300E+00	 7.19439E+00	 6.34018E+00	 6.44088E+00	 1.23210E+01
 7.41980E+00	 1.03540E+01	 1.09516E+01	 7.55126E+00	 5.50854E+00	 6.94485E+00	 7.09075E+00	 7.80805E+00	 4.76320E+00	 8.68003E+00	 6.84217E+00	 7.62179E+00	 6.45961E+00	 8.19790E+00	 1.50976E+01	 2.43966E+01	 1.01050E+01	 4.59912E+00	 7.36874E+00	 7.32349E+00	 7.59782E+00	 7.41050E+00	 8.59403E+00	 7.53190E+00	 9.31391E+00	 1.80366E+01	 2.91873E+01	 1.33025E+01	 8.76047E+00	 6.37270E+00	 5.15597E+00	 5.72709E+00	 5.51320E+00	 8.51917E+00	 8.50150E+00	 7.15760E+00	 1.15598E+01	 8.80573E+00	 6.99786E+00	 7.03560E+00	 1.03834E+01	 1.35923E+01	 1.23581E+01	 7.50150E+00	 7.86529E+00	 1.27631E+01	 1.66765E+01	 1.47823E+01	 1.43625E+01	 1.60155E+01	 1.54912E+01	 1.41847E+01	 1.31396E+01	 1.13816E+01	 1.09198E+01	 7.92619E+00	 9.99833E+00	 1.10336E+01	 7.54712E+00	 8.47756E+00	 9.70210E+00
 1.63898E+01	 8.28657E+00	 1.07026E+01	 8.82124E+00	 5.59719E+00	 7.84044E+00	 1.00264E+01	 6.01604E+00	 4.78524E+00	 6.07585E+00	 7.09598E+00	 5.20808E+00	 5.35187E+00	 6.13731E+00	 1.09486E+01	 1.19545E+01	 8.32585E+00	 5.15783E+00	 6.14485E+00	 8.55788E+00	 7.39930E+00	 6.41217E+00	 5.70289E+00	 4.59719E+00	 7.65760E+00	 2.04774E+01	 2.09521E+01	 1.74155E+01	 7.98201E+00	 5.56470E+00	 7.44860E+00	 7.44485E+00	 1.07053E+01	 1.13269E+01	 1.09009E+01	 8.39328E+00	 5.55712E+00	 6.71326E+00	 1.23438E+01	 1.39381E+01	 1.12894E+01	 1.02944E+01	 7.29341E+00	 5.76430E+00	 9.68805E+00	 1.62477E+01	 1.28797E+01	 1.51583E+01	 1.28920E+01	 1.40841E+01	 1.89094E+01	 2.77006E+01	 1.96799E+01	 2.35360E+01	 1.55853E+01	 1.20849E+01	 1.16864E+01	 7.68590E+00	 9.33512E+00	 1.39981E+01	 7.83383E+00
 1.43428E+01	 1.30214E+01	 1.42395E+01	 1.18902E+01	 5.20975E+00	 5.02461E+00	 7.61056E+00	 6.51320E+00	 6.63696E+00	 1.01868E+01	 7.32799E+00	 6.03470E+00	 7.00000E+00	 5.68590E+00	 6.04790E+00	 5.42685E+00	 5.50194E+00	 7.97709E+00	 5.64579E+00	 9.89409E+00	 6.29803E+00	 6.17904E+00	 6.25000E+00	 6.53123E+00	 9.51986E+00	 1.49864E+01	 2.12929E+01	 1.33618E+01	 8.91344E+00	 8.80528E+00	 5.77640E+00	 9.37376E+00	 1.40769E+01	 1.20818E+01	 1.14824E+01	 9.85404E+00	 6.01917E+00	 1.22686E+01	 2.37734E+01	 2.18353E+01	 1.68458E+01	 7.06786E+00	 9.10404E+00	 7.84188E+00	 8.73788E+00	 1.10043E+01	 1.66494E+01	 1.37274E+01	 1.27944E+01	 1.91905E+01	 1.80333E+01	 3.02883E+01	 2.40689E+01	 1.99368E+01	 1.83905E+01	 2.42318E+01	 8.55980E+00	 8.10364E+00	 7.10622E+00	 7.20596E+00	 7.13990E+00
 1.20150E+01	 9.29090E+00	 9.08906E+00	 9.50352E+00	 1.02477E+01	 7.35571E+00	 6.74806E+00	 6.84281E+00	 2.07929E+01	 1.31557E+01	 9.50000E+00	 4.59930E+00	 7.09188E+00	 7.58652E+00	 5.79509E+00	 8.54840E+00	 7.42063E+00	 5.90793E+00	 6.10410E+00	 5.71795E+00	 9.41249E+00	 6.45625E+00	 5.69860E+00	 6.24612E+00	 4.44953E+00	 6.94664E+00	 9.16343E+00	 5.88731E+00	 8.27461E+00	 6.88870E+00	 8.92183E+00	 1.43902E+01	 1.87944E+01	 1.42594E+01	 7.68787E+00	 7.51313E+00	 9.28417E+00	 2.33615E+01	 3.17872E+01	 2.75012E+01	 1.40131E+01	 8.97620E+00	 1.79381E+01	 1.37776E+01	 1.14072E+01	 1.55280E+01	 1.47500E+01	 1.72210E+01	 1.37407E+01	 1.53057E+01	 1.13513E+01	 1.58428E+01	 2.66896E+01	 2.02971E+01	 2.70155E+01	 2.95913E+01	 1.30006E+01	 8.67030E+00	 5.62393E+00	 6.38731E+00	 7.55047E+00
 1.37929E+01	 1.07669E+01	 9.34265E+00	 8.87781E+00	 1.06964E+01	 1.14760E+01	 8.68638E+00	 7.01799E+00	 4.79803E+00	 6.11529E+00	 6.53357E+00	 3.95975E+00	 1.05937E+01	 1.76695E+01	 1.22395E+01	 1.08907E+01	 7.91784E+00	 8.10491E+00	 1.33892E+01	 1.08513E+01	 1.04773E+01	 7.93638E+00	 5.36072E+00	 5.58383E+00	 4.83568E+00	 5.21326E+00	 5.42619E+00	 5.11378E+00	 7.94195E+00	 8.25000E+00	 1.55869E+01	 2.64526E+01	 2.84371E+01	 1.54985E+01	 9.64856E+00	 6.49805E+00	 9.56064E+00	 2.46677E+01	 2.85896E+01	 3.13513E+01	 1.98582E+01	 1.49799E+01	 8.17066E+00	 1.11644E+01	 1.42098E+01	 1.28095E+01	 1.40976E+01	 1.74856E+01	 2.13034E+01	 2.40464E+01	 1.64985E+01	 1.67935E+01	 1.84684E+01	 1.51463E+01	 1.80500E+01	 2.04195E+01	 1.22387E+01	 7.20239E+00	 5.59606E+00	 7.62323E+00	 1.07500E+01
 2.39980E+01	 1.65315E+01	 1.28525E+01	 7.74417E+00	 5.86302E+00	 6.12393E+00	 1.21289E+01	 1.12146E+01	 5.95358E+00	 5.25000E+00	 5.41212E+00	 4.39280E+00	 4.59719E+00	 7.78793E+00	 1.10937E+01	 7.49768E+00	 8.77291E+00	 7.18563E+00	 1.56420E+01	 1.09712E+01	 8.95417E+00	 9.11365E+00	 5.26124E+00	 5.44439E+00	 7.93449E+00	 8.32634E+00	 1.03534E+01	 1.12860E+01	 1.20155E+01	 9.48353E+00	 1.22819E+01	 2.19347E+01	 2.40429E+01	 1.79457E+01	 9.23335E+00	 7.55983E+00	 7.97488E+00	 1.42522E+01	 1.73153E+01	 1.56485E+01	 9.37275E+00	 9.44607E+00	 8.51917E+00	 1.05841E+01	 1.25841E+01	 1.18985E+01	 1.91662E+01	 2.89322E+01	 2.83052E+01	 2.51304E+01	 2.49499E+01	 2.17725E+01	 1.51494E+01	 1.48153E+01	 1.83530E+01	 1.64774E+01	 1.39813E+01	 1.29394E+01	 9.71463E+00	 5.27991E+00	 4.74121E+00
 3.39392E+01	 2.86024E+01	 1.28235E+01	 8.18376E+00	 6.62179E+00	 4.57607E+00	 5.91249E+00	 5.76780E+00	 4.76872E+00	 7.77778E+00	 4.45289E+00	 4.01604E+00	 4.69272E+00	 6.38755E+00	 4.44250E+00	 5.12889E+00	 8.67183E+00	 1.02210E+01	 1.14860E+01	 1.06118E+01	 9.52171E+00	 8.32585E+00	 8.03793E+00	 6.88493E+00	 6.65954E+00	 9.55953E+00	 7.54366E+00	 1.06316E+01	 1.52856E+01	 1.56396E+01	 1.41304E+01	 2.57006E+01	 2.40748E+01	 1.44356E+01	 7.27626E+00	 7.24649E+00	 5.74766E+00	 7.95525E+00	 8.39370E+00	 5.54440E+00	 6.67364E+00	 9.19510E+00	 9.28417E+00	 1.00769E+01	 1.13354E+01	 1.31310E+01	 2.11776E+01	 4.11213E+01	 3.60898E+01	 2.31615E+01	 1.97432E+01	 1.52901E+01	 1.52655E+01	 1.95751E+01	 1.71551E+01	 1.83235E+01	 2.03832E+01	 1.76644E+01	 1.02763E+01	 9.43376E+00	 6.74299E+00
 2.72898E+01	 2.09369E+01	 1.18114E+01	 7.89737E+00	 8.00350E+00	 5.34217E+00	 5.19618E+00	 5.28470E+00	 5.19510E+00	 7.32101E+00	 9.49415E+00	 6.35070E+00	 5.50000E+00	 6.91584E+00	 8.87671E+00	 6.53960E+00	 7.34488E+00	 1.16517E+01	 2.61354E+01	 3.07833E+01	 2.39195E+01	 1.05150E+01	 5.83490E+00	 5.82124E+00	 5.77144E+00	 6.70975E+00	 6.11378E+00	 7.83490E+00	 1.17029E+01	 1.55534E+01	 1.00383E+01	 1.74478E+01	 1.90735E+01	 1.07938E+01	 6.91670E+00	 6.76858E+00	 5.94525E+00	 6.23335E+00	 6.05573E+00	 6.19439E+00	 5.50752E+00	 5.24786E+00	 8.80983E+00	 8.56085E+00	 1.02692E+01	 1.40022E+01	 1.89529E+01	 3.50555E+01	 3.47911E+01	 2.25940E+01	 1.79835E+01	 1.24856E+01	 2.17669E+01	 2.83343E+01	 3.04639E+01	 2.52262E+01	 3.02252E+01	 2.45735E+01	 1.49904E+01	 9.98562E+00	 6.20792E+00
 1.89671E+01	 1.89072E+01	 1.29155E+01	 7.87968E+00	 5.70596E+00	 4.97798E+00	 3.66537E+00	 5.21309E+00	 7.61424E+00	 1.31289E+01	 2.61814E+01	 3.02156E+01	 1.53534E+01	 8.50000E+00	 4.66602E+00	 4.75000E+00	 1.22500E+01	 1.88476E+01	 1.56437E+01	 1.27506E+01	 1.17522E+01	 1.04017E+01	 7.63390E+00	 6.06213E+00	 4.52171E+00	 4.02740E+00	 4.30137E+00	 4.55528E+00	 6.16050E+00	 6.81157E+00	 6.60571E+00	 4.73801E+00	 7.02189E+00	 7.82534E+00	 6.91399E+00	 7.24223E+00	 7.76499E+00	 6.74299E+00	 6.37783E+00	 7.57686E+00	 6.61302E+00	 6.13731E+00	 7.16767E+00	 7.75750E+00	 1.13057E+01	 1.01391E+01	 1.24932E+01	 1.94656E+01	 2.25333E+01	 2.18816E+01	 1.35891E+01	 1.62770E+01	 2.01531E+01	 2.59656E+01	 3.07156E+01	 3.39955E+01	 2.78099E+01	 1.78269E+01	 1.25923E+01	 1.16922E+01	 9.23948E+00
 1.00391E+01	 1.07891E+01	 9.22604E+00	 7.51313E+00	 6.71142E+00	 4.77461E+00	 6.08493E+00	 7.63746E+00	 1.10841E+01	 1.44236E+01	 1.60374E+01	 2.57645E+01	 2.56148E+01	 1.19394E+01	 6.02778E+00	 4.57619E+00	 6.34763E+00	 1.32692E+01	 1.90471E+01	 1.70795E+01	 1.26050E+01	 7.88878E+00	 5.65385E+00	 4.26799E+00	 4.66067E+00	 4.56362E+00	 5.00000E+00	 6.48562E+00	 4.96581E+00	 8.90954E+00	 9.70209E+00	 6.98562E+00	 7.85731E+00	 8.87610E+00	 7.78208E+00	 7.41328E+00	 6.42198E+00	 6.12376E+00	 7.98432E+00	 6.71142E+00	 6.48083E+00	 3.68530E+00	 5.65597E+00	 7.71795E+00	 8.29010E+00	 1.07041E+01	 1.75688E+01	 2.36123E+01	 1.96576E+01	 1.47481E+01	 1.15559E+01	 1.13618E+01	 1.81396E+01	 2.78222E+01	 3.40722E+01	 3.09652E+01	 1.85186E+01	 1.10710E+01	 9.91549E+00	 7.94990E+00	 9.05983E+00
 8.74786E+00	 7.43713E+00	 7.19346E+00	 6.63990E+00	 5.85404E+00	 5.34326E+00	 7.06197E+00	 4.54509E+00	 7.89746E+00	 9.11809E+00	 1.00710E+01	 1.11402E+01	 1.14076E+01	 8.01497E+00	 7.07799E+00	 5.70961E+00	 6.40385E+00	 1.03388E+01	 1.59381E+01	 2.09639E+01	 2.65356E+01	 1.70131E+01	 8.66549E+00	 7.26780E+00	 6.65385E+00	 8.02991E+00	 1.33601E+01	 9.03208E+00	 9.10343E+00	 1.23147E+01	 8.83414E+00	 6.03914E+00	 6.80440E+00	 1.06619E+01	 1.31839E+01	 8.01780E+00	 7.69088E+00	 1.01790E+01	 7.65385E+00	 8.55983E+00	 6.99650E+00	 7.24650E+00	 6.74299E+00	 1.07909E+01	 1.24860E+01	 1.17530E+01	 1.30244E+01	 1.75187E+01	 1.53681E+01	 1.16388E+01	 1.17916E+01	 8.39720E+00	 1.37842E+01	 2.74347E+01	 2.94347E+01	 1.87655E+01	 1.29472E+01	 9.21463E+00	 7.62376E+00	 9.49768E+00	 1.13095E+01
 1.01572E+01	 1.38353E+01	 1.01976E+01	 5.90068E+00	 4.10928E+00	 7.08930E+00	 9.53597E+00	 9.06865E+00	 5.74299E+00	 6.89370E+00	 6.49465E+00	 9.79342E+00	 1.00765E+01	 6.32654E+00	 6.95239E+00	 5.85867E+00	 5.40578E+00	 5.37671E+00	 7.86424E+00	 1.08265E+01	 1.18896E+01	 1.22934E+01	 7.56362E+00	 5.78827E+00	 7.10622E+00	 5.40385E+00	 5.87376E+00	 5.66584E+00	 8.63390E+00	 1.26138E+01	 1.21707E+01	 7.20958E+00	 7.65569E+00	 1.66367E+01	 2.07874E+01	 1.22184E+01	 8.16584E+00	 9.31848E+00	 5.41584E+00	 5.70417E+00	 7.69364E+00	 6.67022E+00	 5.57600E+00	 7.73151E+00	 9.74465E+00	 1.14815E+01	 1.51289E+01	 1.48473E+01	 1.22315E+01	 1.11864E+01	 1.14826E+01	 1.00356E+01	 8.05573E+00	 1.00342E+01	 1.25841E+01	 1.39368E+01	 1.27894E+01	 1.32477E+01	 1.23341E+01	 1.14815E+01	 1.05150E+01
 1.81405E+01	 1.81953E+01	 1.24130E+01	 7.26521E+00	 6.14579E+00	 7.73188E+00	 1.10383E+01	 1.05000E+01	 7.56197E+00	 5.42971E+00	 7.11781E+00	 1.05471E+01	 1.22333E+01	 7.57101E+00	 7.05573E+00	 5.27740E+00	 6.59580E+00	 6.15598E+00	 8.23562E+00	 7.21581E+00	 5.37575E+00	 5.20519E+00	 7.78914E+00	 6.56848E+00	 8.34067E+00	 5.11113E+00	 7.05573E+00	 6.95867E+00	 9.52144E+00	 1.28594E+01	 1.48399E+01	 8.74499E+00	 7.57654E+00	 1.42062E+01	 1.82409E+01	 1.18388E+01	 5.93126E+00	 4.76354E+00	 6.69224E+00	 9.05769E+00	 1.22799E+01	 8.22389E+00	 6.93003E+00	 1.19416E+01	 1.39381E+01	 1.23550E+01	 1.46583E+01	 1.55299E+01	 1.39930E+01	 9.80120E+00	 1.03077E+01	 7.08974E+00	 7.38878E+00	 9.90716E+00	 1.03393E+01	 9.52406E+00	 8.63156E+00	 1.45394E+01	 1.79671E+01	 1.24952E+01	 1.00710E+01
 1.60505E+01	 1.79381E+01	 1.22477E+01	 7.23353E+00	 8.44439E+00	 1.19930E+01	 1.17387E+01	 9.63343E+00	 1.05595E+01	 7.70358E+00	 8.42066E+00	 1.71692E+01	 1.92949E+01	 1.48251E+01	 9.61906E+00	 6.32124E+00	 4.91192E+00	 7.00259E+00	 7.34403E+00	 6.74042E+00	 6.08783E+00	 5.49786E+00	 6.75352E+00	 9.04440E+00	 7.36378E+00	 1.06718E+01	 7.86378E+00	 5.55573E+00	 1.13476E+01	 1.30958E+01	 1.66392E+01	 1.61030E+01	 1.21118E+01	 1.24598E+01	 1.29977E+01	 7.30953E+00	 5.93376E+00	 7.11378E+00	 8.04090E+00	 1.26846E+01	 2.59954E+01	 1.64825E+01	 8.81158E+00	 2.07210E+01	 2.90942E+01	 2.59825E+01	 2.16846E+01	 2.39499E+01	 1.69265E+01	 9.39856E+00	 7.82101E+00	 7.74299E+00	 7.04440E+00	 8.09864E+00	 9.95208E+00	 1.03937E+01	 7.89720E+00	 1.93892E+01	 3.07839E+01	 2.70923E+01	 1.64895E+01
 7.52762E+00	 1.07210E+01	 6.60649E+00	 6.88696E+00	 1.36409E+01	 2.36786E+01	 2.13575E+01	 2.31695E+01	 1.53578E+01	 1.27874E+01	 1.28013E+01	 8.74121E+00	 1.18972E+01	 1.59369E+01	 1.06101E+01	 6.91344E+00	 5.43053E+00	 8.22988E+00	 6.31848E+00	 6.90237E+00	 6.27640E+00	 7.00000E+00	 9.29475E+00	 9.66343E+00	 1.39887E+01	 2.58225E+01	 2.67130E+01	 1.20155E+01	 1.09072E+01	 1.16243E+01	 1.55759E+01	 1.69903E+01	 1.54569E+01	 1.52364E+01	 1.17391E+01	 1.01409E+01	 1.13891E+01	 1.12477E+01	 9.42509E+00	 1.74457E+01	 2.92548E+01	 2.40783E+01	 1.17650E+01	 1.89083E+01	 2.71240E+01	 2.00712E+01	 2.94661E+01	 3.47770E+01	 1.68896E+01	 8.80396E+00	 5.62739E+00	 6.89596E+00	 8.84265E+00	 8.43443E+00	 8.17364E+00	 7.75000E+00	 8.12406E+00	 8.17566E+00	 1.52537E+01	 2.69946E+01	 2.59183E+01
 9.75000E+00	 8.33783E+00	 8.90735E+00	 1.17315E+01	 1.58689E+01	 2.79584E+01	 2.61692E+01	 2.25653E+01	 2.36439E+01	 1.93473E+01	 1.63064E+01	 8.10404E+00	 7.03233E+00	 9.32134E+00	 5.85094E+00	 6.46326E+00	 8.94195E+00	 6.54090E+00	 8.55567E+00	 8.87376E+00	 1.08647E+01	 1.29218E+01	 1.00559E+01	 1.00557E+01	 1.93530E+01	 5.33655E+01	 5.32679E+01	 2.94750E+01	 1.87345E+01	 2.39671E+01	 2.98867E+01	 2.76925E+01	 2.89183E+01	 3.05575E+01	 1.55688E+01	 1.18018E+01	 1.05464E+01	 1.34313E+01	 1.26736E+01	 1.57422E+01	 2.31953E+01	 1.90518E+01	 9.78597E+00	 1.15192E+01	 1.33986E+01	 1.60620E+01	 2.57276E+01	 2.44895E+01	 1.19078E+01	 7.49465E+00	 7.26174E+00	 6.42063E+00	 7.78674E+00	 6.41784E+00	 7.39280E+00	 5.46463E+00	 6.77563E+00	 5.85491E+00	 7.82194E+00	 1.14107E+01	 1.75360E+01
 4.98083E+00	 7.12470E+00	 1.32369E+01	 1.38388E+01	 1.64776E+01	 2.56703E+01	 2.61551E+01	 2.57524E+01	 1.98153E+01	 1.22308E+01	 8.30120E+00	 7.38413E+00	 1.08933E+01	 7.44485E+00	 7.51497E+00	 6.73353E+00	 6.19160E+00	 5.99610E+00	 6.56226E+00	 7.15088E+00	 8.94664E+00	 1.54205E+01	 1.22446E+01	 1.39815E+01	 3.08797E+01	 5.45179E+01	 5.12620E+01	 4.11978E+01	 3.16035E+01	 2.57804E+01	 3.41776E+01	 3.26063E+01	 3.28998E+01	 3.07522E+01	 1.80383E+01	 1.09735E+01	 1.18555E+01	 1.19922E+01	 1.16738E+01	 8.67904E+00	 7.45409E+00	 5.87530E+00	 4.49649E+00	 9.40735E+00	 9.33269E+00	 7.89970E+00	 1.62655E+01	 1.44689E+01	 8.51780E+00	 9.17651E+00	 5.82585E+00	 8.06103E+00	 7.42705E+00	 8.65873E+00	 7.34403E+00	 6.07799E+00	 6.67651E+00	 6.04158E+00	 5.66127E+00	 6.80528E+00	 1.15000E+01
 1.17714E+01	 1.14946E+01	 1.26307E+01	 1.21560E+01	 2.20471E+01	 3.81869E+01	 3.18877E+01	 1.94536E+01	 1.40993E+01	 1.89553E+01	 2.21289E+01	 1.94835E+01	 1.99346E+01	 1.54917E+01	 9.09727E+00	 9.37889E+00	 9.09281E+00	 9.03144E+00	 8.80980E+00	 1.13423E+01	 7.79509E+00	 1.14236E+01	 1.31357E+01	 3.55919E+01	 7.09171E+01	 7.36707E+01	 5.25713E+01	 4.30048E+01	 3.21881E+01	 2.61377E+01	 2.24076E+01	 2.37833E+01	 2.75751E+01	 2.91488E+01	 1.92645E+01	 1.02461E+01	 1.19218E+01	 1.13738E+01	 1.09887E+01	 7.41344E+00	 9.74121E+00	 1.18972E+01	 7.28123E+00	 7.04564E+00	 1.05759E+01	 1.02138E+01	 9.60838E+00	 9.31848E+00	 8.05396E+00	 1.01148E+01	 1.58188E+01	 1.66232E+01	 7.65419E+00	 6.86529E+00	 5.96724E+00	 8.23948E+00	 8.24786E+00	 9.51312E+00	 9.82034E+00	 9.38132E+00	 1.59381E+01
 1.72799E+01	 1.21935E+01	 1.45043E+01	 1.92171E+01	 1.92826E+01	 1.91572E+01	 1.69457E+01	 1.05178E+01	 8.75723E+00	 1.78691E+01	 2.39526E+01	 2.18442E+01	 1.72578E+01	 1.47299E+01	 1.46243E+01	 1.18896E+01	 1.28473E+01	 1.15229E+01	 9.29440E+00	 1.03014E+01	 8.90170E+00	 1.37333E+01	 3.46914E+01	 6.01801E+01	 5.41155E+01	 3.75378E+01	 2.70937E+01	 2.79954E+01	 2.40022E+01	 2.48000E+01	 2.67074E+01	 2.49946E+01	 3.01873E+01	 2.66484E+01	 1.78413E+01	 8.13906E+00	 7.44160E+00	 8.38928E+00	 8.61473E+00	 1.10356E+01	 1.59177E+01	 1.23593E+01	 7.09391E+00	 5.96211E+00	 5.99121E+00	 6.28208E+00	 9.53176E+00	 7.47389E+00	 6.38870E+00	 8.62889E+00	 1.26953E+01	 1.68759E+01	 1.19587E+01	 7.14746E+00	 9.57585E+00	 1.85873E+01	 1.86667E+01	 1.29903E+01	 1.02045E+01	 1.17260E+01	 1.39912E+01
 9.87425E+00	 9.95525E+00	 8.39930E+00	 8.70208E+00	 1.42477E+01	 1.08978E+01	 9.73242E+00	 7.42825E+00	 8.42381E+00	 2.18427E+01	 2.19750E+01	 2.16813E+01	 1.30169E+01	 1.96011E+01	 2.27455E+01	 1.60992E+01	 1.06118E+01	 8.40320E+00	 1.21765E+01	 1.35765E+01	 1.39094E+01	 1.38513E+01	 1.37891E+01	 2.70299E+01	 2.64529E+01	 3.03235E+01	 2.84420E+01	 2.87645E+01	 2.63234E+01	 2.93413E+01	 2.64313E+01	 3.23774E+01	 2.53793E+01	 2.59752E+01	 2.13339E+01	 8.65848E+00	 8.42705E+00	 7.50000E+00	 7.54377E+00	 7.68443E+00	 1.15595E+01	 7.79663E+00	 7.10622E+00	 9.92198E+00	 7.33386E+00	 8.19860E+00	 9.69564E+00	 7.17619E+00	 7.20958E+00	 8.30591E+00	 1.01118E+01	 1.36274E+01	 9.66784E+00	 8.61261E+00	 7.52427E+00	 1.64195E+01	 3.09864E+01	 3.25263E+01	 1.66479E+01	 1.10751E+01	 1.54965E+01
 7.29158E+00	 7.78878E+00	 7.24299E+00	 1.04805E+01	 9.61182E+00	 6.99300E+00	 8.28960E+00	 9.61966E+00	 7.26349E+00	 8.82353E+00	 9.47849E+00	 1.08767E+01	 1.61532E+01	 1.98153E+01	 1.35722E+01	 1.24137E+01	 7.48083E+00	 1.09251E+01	 1.51874E+01	 2.13877E+01	 2.41367E+01	 2.43095E+01	 1.44526E+01	 2.82795E+01	 2.20379E+01	 2.94521E+01	 3.45339E+01	 2.96814E+01	 2.96811E+01	 2.92512E+01	 3.03388E+01	 3.00657E+01	 1.77662E+01	 1.01020E+01	 6.82134E+00	 4.98242E+00	 7.25259E+00	 6.53043E+00	 6.86529E+00	 1.49605E+02	 1.06595E+01	 1.15135E+01	 1.94166E+01	 2.44661E+01	 1.19545E+01	 5.06384E+00	 5.60781E+00	 4.66249E+00	 7.52427E+00	 5.58386E+00	 8.01799E+00	 1.40464E+01	 1.12042E+01	 1.49760E+01	 1.02687E+01	 1.29985E+01	 1.96707E+01	 2.99930E+01	 1.41485E+01	 1.24251E+01	 9.30573E+00
 9.11528E+00	 6.86529E+00	 5.24299E+00	 6.22488E+00	 5.16343E+00	 8.19450E+00	 7.99417E+00	 9.43805E+00	 6.58414E+00	 7.60943E+00	 7.32619E+00	 6.53236E+00	 1.19381E+01	 2.08191E+01	 1.29658E+01	 1.11082E+01	 1.00986E+01	 1.21274E+01	 1.56101E+01	 1.77412E+01	 1.40132E+01	 1.16398E+01	 1.14392E+01	 2.67119E+01	 2.55735E+01	 2.03913E+01	 2.53578E+01	 3.19864E+01	 3.99526E+01	 4.54245E+01	 3.04369E+01	 2.70339E+01	 1.87395E+01	 7.68530E+00	 7.08783E+00	 6.75764E+00	 6.27202E+00	 6.29663E+00	 1.17650E+01	 2.74528E+01	 3.61032E+01	 4.40276E+01	 3.28862E+01	 2.25192E+01	 1.74569E+01	 1.58728E+01	 7.64823E+00	 5.11356E+00	 6.50000E+00	 1.35505E+01	 1.01158E+01	 9.73335E+00	 1.33986E+01	 1.51228E+01	 2.07635E+01	 2.71869E+01	 2.50795E+01	 1.50555E+01	 1.39806E+01	 9.83414E+00	 8.80788E+00
 1.32879E+01	 6.42201E+00	 6.09606E+00	 6.07761E+00	 7.74786E+00	 1.04689E+01	 1.04521E+01	 1.15481E+01	 8.14202E+00	 5.86378E+00	 4.66921E+00	 5.97709E+00	 8.92136E+00	 7.20210E+00	 8.54812E+00	 1.16107E+01	 1.08251E+01	 1.51552E+01	 1.46191E+01	 9.94724E+00	 1.17417E+01	 1.34553E+01	 9.56470E+00	 1.66881E+01	 2.17021E+01	 1.88423E+01	 1.88396E+01	 3.97000E+01	 4.86914E+01	 1.53759E+01	 8.17619E+00	 1.09218E+01	 1.01951E+01	 6.13890E+00	 7.99650E+00	 7.81305E+00	 4.50000E+00	 7.00000E+00	 7.99537E+00	 2.68283E+01	 2.30657E+01	 2.05657E+01	 2.05299E+01	 2.18343E+01	 1.96672E+01	 1.58391E+01	 1.22741E+01	 1.14815E+01	 1.05505E+01	 1.78369E+01	 1.71853E+01	 1.55928E+01	 1.72799E+01	 2.29542E+01	 2.60540E+01	 3.55374E+01	 2.96402E+01	 2.00725E+01	 3.30834E+00	 1.23989E+00	 4.13564E+00
 1.99895E+01	 1.08678E+01	 6.45596E+00	 4.76780E+00	 4.72496E+00	 6.99300E+00	 1.02500E+01	 1.34451E+01	 9.70975E+00	 9.54090E+00	 6.72496E+00	 5.79039E+00	 6.60132E+00	 1.06421E+01	 1.40671E+01	 2.31289E+01	 2.03400E+01	 1.72210E+01	 1.55525E+01	 9.35205E+00	 6.60738E+00	 8.22112E+00	 9.48151E+00	 6.85838E+00	 7.31085E+00	 9.48261E+00	 2.15270E+01	 3.45459E+01	 2.35657E+01	 1.27714E+01	 6.99605E+00	 5.96355E+00	 6.20044E+00	 7.18937E+00	 1.21509E+01	 1.32477E+01	 8.90209E+00	 6.01349E+00	 1.20893E+01	 2.31063E+01	 1.77632E+01	 1.34825E+01	 1.34356E+01	 1.61079E+01	 1.79569E+01	 1.04750E+01	 9.29342E+00	 7.20596E+00	 1.06078E+01	 1.53774E+01	 1.49542E+01	 2.29808E+01	 2.51235E+01	 2.94909E+01	 3.39965E+01	 3.58735E+01	 2.99796E+01	 2.86447E+01	 1.78400E+01	 7.62889E+00	 1.52905E+01
 9.55980E+00	 4.99786E+00	 4.00809E+00	 4.89579E+00	 6.68266E+00	 6.76430E+00	 8.31786E+00	 5.95792E+00	 7.72496E+00	 9.39370E+00	 8.21838E+00	 5.87393E+00	 5.61424E+00	 8.89370E+00	 1.76261E+01	 2.48473E+01	 1.62045E+01	 1.08059E+01	 8.57585E+00	 7.92926E+00	 7.44761E+00	 7.08386E+00	 1.01261E+01	 1.75206E+01	 2.89862E+01	 2.60942E+01	 3.32524E+01	 2.32548E+01	 1.43263E+01	 1.14368E+01	 1.05394E+01	 6.16399E+00	 7.96838E+00	 1.71846E+01	 1.25094E+01	 8.12575E+00	 7.11529E+00	 8.37425E+00	 1.26341E+01	 2.50208E+01	 2.37872E+01	 1.63099E+01	 1.39942E+01	 8.24417E+00	 7.89203E+00	 6.37889E+00	 7.11182E+00	 1.13357E+01	 1.24499E+01	 1.81111E+01	 1.81846E+01	 2.11779E+01	 2.34017E+01	 3.29752E+01	 3.30022E+01	 3.53171E+01	 4.22430E+01	 3.64551E+01	 2.75102E+01	 1.86799E+01	 1.02114E+01
